19	19
0	0.000000e+00	8.000297e-13	0.000000e+00	
1	1.000000e-01	1.068591e-12	0.000000e+00	
2	2.000000e-01	1.243880e-12	0.000000e+00	
3	3.000000e-01	1.445476e-12	0.000000e+00	
4	4.000000e-01	1.647037e-12	0.000000e+00	
5	5.000000e-01	1.848563e-12	0.000000e+00	
6	6.000000e-01	2.050138e-12	0.000000e+00	
7	7.000000e-01	2.251740e-12	0.000000e+00	
8	8.000000e-01	2.453399e-12	0.000000e+00	
9	9.000000e-01	2.655071e-12	0.000000e+00	
10	1.000000e-00	2.856798e-12	0.000000e+00	
11	1.100000e+00	3.058553e-12	0.000000e+00	
12	1.200000e+00	3.260392e-12	0.000000e+00	
13	1.300000e+00	3.462286e-12	0.000000e+00	
14	1.400000e+00	3.664180e-12	0.000000e+00	
15	1.500000e+00	3.866185e-12	0.000000e+00	
16	1.600000e+00	4.068218e-12	0.000000e+00	
17	1.700000e+00	4.270362e-12	0.000000e+00	
18	1.800000e+00	4.472422e-12	0.000000e+00	
19	0.000000e+00	8.000297e-13	1.000000e-01	
20	1.000000e-01	1.711730e-12	1.000000e-01	
21	2.000000e-01	1.949212e-12	1.000000e-01	
22	3.000000e-01	2.176696e-12	1.000000e-01	
23	4.000000e-01	2.403043e-12	1.000000e-01	
24	5.000000e-01	2.629411e-12	1.000000e-01	
25	6.000000e-01	2.856215e-12	1.000000e-01	
26	7.000000e-01	3.083575e-12	1.000000e-01	
27	8.000000e-01	3.311587e-12	1.000000e-01	
28	9.000000e-01	3.540307e-12	1.000000e-01	
29	1.000000e-00	3.769818e-12	1.000000e-01	
30	1.100000e+00	4.000134e-12	1.000000e-01	
31	1.200000e+00	4.231282e-12	1.000000e-01	
32	1.300000e+00	4.463319e-12	1.000000e-01	
33	1.400000e+00	4.696188e-12	1.000000e-01	
34	1.500000e+00	4.930001e-12	1.000000e-01	
35	1.600000e+00	5.164785e-12	1.000000e-01	
36	1.700000e+00	5.400513e-12	1.000000e-01	
37	1.800000e+00	5.637268e-12	1.000000e-01	
38	0.000000e+00	8.000297e-13	2.000000e-01	
39	1.000000e-01	1.310529e-11	2.000000e-01	
40	2.000000e-01	1.394202e-11	2.000000e-01	
41	3.000000e-01	1.460855e-11	2.000000e-01	
42	4.000000e-01	1.525549e-11	2.000000e-01	
43	5.000000e-01	1.590313e-11	2.000000e-01	
44	6.000000e-01	1.655769e-11	2.000000e-01	
45	7.000000e-01	1.722186e-11	2.000000e-01	
46	8.000000e-01	1.789723e-11	2.000000e-01	
47	9.000000e-01	1.858469e-11	2.000000e-01	
48	1.000000e-00	1.928513e-11	2.000000e-01	
49	1.100000e+00	1.999906e-11	2.000000e-01	
50	1.200000e+00	2.072700e-11	2.000000e-01	
51	1.300000e+00	2.146958e-11	2.000000e-01	
52	1.400000e+00	2.222719e-11	2.000000e-01	
53	1.500000e+00	2.300038e-11	2.000000e-01	
54	1.600000e+00	2.378955e-11	2.000000e-01	
55	1.700000e+00	2.459521e-11	2.000000e-01	
56	1.800000e+00	2.541772e-11	2.000000e-01	
57	0.000000e+00	8.000297e-13	3.000000e-01	
58	1.000000e-01	2.031471e-10	3.000000e-01	
59	2.000000e-01	2.139254e-10	3.000000e-01	
60	3.000000e-01	2.218551e-10	3.000000e-01	
61	4.000000e-01	2.294527e-10	3.000000e-01	
62	5.000000e-01	2.370573e-10	3.000000e-01	
63	6.000000e-01	2.447723e-10	3.000000e-01	
64	7.000000e-01	2.526429e-10	3.000000e-01	
65	8.000000e-01	2.606944e-10	3.000000e-01	
66	9.000000e-01	2.689431e-10	3.000000e-01	
67	1.000000e-00	2.774013e-10	3.000000e-01	
68	1.100000e+00	2.860789e-10	3.000000e-01	
69	1.200000e+00	2.949848e-10	3.000000e-01	
70	1.300000e+00	3.041272e-10	3.000000e-01	
71	1.400000e+00	3.135138e-10	3.000000e-01	
72	1.500000e+00	3.231521e-10	3.000000e-01	
73	1.600000e+00	3.330496e-10	3.000000e-01	
74	1.700000e+00	3.432140e-10	3.000000e-01	
75	1.800000e+00	3.536524e-10	3.000000e-01	
76	0.000000e+00	8.000297e-13	4.000000e-01	
77	1.000000e-01	3.160848e-09	4.000000e-01	
78	2.000000e-01	3.323895e-09	4.000000e-01	
79	3.000000e-01	3.441732e-09	4.000000e-01	
80	4.000000e-01	3.554085e-09	4.000000e-01	
81	5.000000e-01	3.666282e-09	4.000000e-01	
82	6.000000e-01	3.779941e-09	4.000000e-01	
83	7.000000e-01	3.895762e-09	4.000000e-01	
84	8.000000e-01	4.014128e-09	4.000000e-01	
85	9.000000e-01	4.135282e-09	4.000000e-01	
86	1.000000e-00	4.259402e-09	4.000000e-01	
87	1.100000e+00	4.386633e-09	4.000000e-01	
88	1.200000e+00	4.517097e-09	4.000000e-01	
89	1.300000e+00	4.650906e-09	4.000000e-01	
90	1.400000e+00	4.788166e-09	4.000000e-01	
91	1.500000e+00	4.928977e-09	4.000000e-01	
92	1.600000e+00	5.073441e-09	4.000000e-01	
93	1.700000e+00	5.221656e-09	4.000000e-01	
94	1.800000e+00	5.373720e-09	4.000000e-01	
95	0.000000e+00	8.000297e-13	5.000000e-01	
96	1.000000e-01	4.187111e-08	5.000000e-01	
97	2.000000e-01	4.402093e-08	5.000000e-01	
98	3.000000e-01	4.549279e-08	5.000000e-01	
99	4.000000e-01	4.687604e-08	5.000000e-01	
100	5.000000e-01	4.824711e-08	5.000000e-01	
101	6.000000e-01	4.962873e-08	5.000000e-01	
102	7.000000e-01	5.103055e-08	5.000000e-01	
103	8.000000e-01	5.245764e-08	5.000000e-01	
104	9.000000e-01	5.391308e-08	5.000000e-01	
105	1.000000e-00	5.539899e-08	5.000000e-01	
106	1.100000e+00	5.691698e-08	5.000000e-01	
107	1.200000e+00	5.846836e-08	5.000000e-01	
108	1.300000e+00	6.005427e-08	5.000000e-01	
109	1.400000e+00	6.167573e-08	5.000000e-01	
110	1.500000e+00	6.333370e-08	5.000000e-01	
111	1.600000e+00	6.502909e-08	5.000000e-01	
112	1.700000e+00	6.676278e-08	5.000000e-01	
113	1.800000e+00	6.853564e-08	5.000000e-01	
114	0.000000e+00	8.000297e-13	6.000000e-01	
115	1.000000e-01	4.216763e-07	6.000000e-01	
116	2.000000e-01	4.486219e-07	6.000000e-01	
117	3.000000e-01	4.621524e-07	6.000000e-01	
118	4.000000e-01	4.740120e-07	6.000000e-01	
119	5.000000e-01	4.854135e-07	6.000000e-01	
120	6.000000e-01	4.966896e-07	6.000000e-01	
121	7.000000e-01	5.079734e-07	6.000000e-01	
122	8.000000e-01	5.193300e-07	6.000000e-01	
123	9.000000e-01	5.307957e-07	6.000000e-01	
124	1.000000e-00	5.423929e-07	6.000000e-01	
125	1.100000e+00	5.541363e-07	6.000000e-01	
126	1.200000e+00	5.660363e-07	6.000000e-01	
127	1.300000e+00	5.781006e-07	6.000000e-01	
128	1.400000e+00	5.903351e-07	6.000000e-01	
129	1.500000e+00	6.027446e-07	6.000000e-01	
130	1.600000e+00	6.153333e-07	6.000000e-01	
131	1.700000e+00	6.281044e-07	6.000000e-01	
132	1.800000e+00	6.410611e-07	6.000000e-01	
133	0.000000e+00	8.000297e-13	7.000000e-01	
134	1.000000e-01	2.105695e-06	7.000000e-01	
135	2.000000e-01	2.452987e-06	7.000000e-01	
136	3.000000e-01	2.528353e-06	7.000000e-01	
137	4.000000e-01	2.578335e-06	7.000000e-01	
138	5.000000e-01	2.621738e-06	7.000000e-01	
139	6.000000e-01	2.662488e-06	7.000000e-01	
140	7.000000e-01	2.701966e-06	7.000000e-01	
141	8.000000e-01	2.740794e-06	7.000000e-01	
142	9.000000e-01	2.779298e-06	7.000000e-01	
143	1.000000e-00	2.817667e-06	7.000000e-01	
144	1.100000e+00	2.856016e-06	7.000000e-01	
145	1.200000e+00	2.894421e-06	7.000000e-01	
146	1.300000e+00	2.932934e-06	7.000000e-01	
147	1.400000e+00	2.971591e-06	7.000000e-01	
148	1.500000e+00	3.010419e-06	7.000000e-01	
149	1.600000e+00	3.049437e-06	7.000000e-01	
150	1.700000e+00	3.088660e-06	7.000000e-01	
151	1.800000e+00	3.128100e-06	7.000000e-01	
152	0.000000e+00	8.000297e-13	8.000000e-01	
153	1.000000e-01	4.805067e-06	8.000000e-01	
154	2.000000e-01	6.632133e-06	8.000000e-01	
155	3.000000e-01	7.014913e-06	8.000000e-01	
156	4.000000e-01	7.157332e-06	8.000000e-01	
157	5.000000e-01	7.255643e-06	8.000000e-01	
158	6.000000e-01	7.338729e-06	8.000000e-01	
159	7.000000e-01	7.414713e-06	8.000000e-01	
160	8.000000e-01	7.486837e-06	8.000000e-01	
161	9.000000e-01	7.556668e-06	8.000000e-01	
162	1.000000e-00	7.625059e-06	8.000000e-01	
163	1.100000e+00	7.692519e-06	8.000000e-01	
164	1.200000e+00	7.759368e-06	8.000000e-01	
165	1.300000e+00	7.825818e-06	8.000000e-01	
166	1.400000e+00	7.892017e-06	8.000000e-01	
167	1.500000e+00	7.958069e-06	8.000000e-01	
168	1.600000e+00	8.024050e-06	8.000000e-01	
169	1.700000e+00	8.090018e-06	8.000000e-01	
170	1.800000e+00	8.156017e-06	8.000000e-01	
171	0.000000e+00	8.000297e-13	9.000000e-01	
172	1.000000e-01	7.599931e-06	9.000000e-01	
173	2.000000e-01	1.175968e-05	9.000000e-01	
174	3.000000e-01	1.324570e-05	9.000000e-01	
175	4.000000e-01	1.366298e-05	9.000000e-01	
176	5.000000e-01	1.386619e-05	9.000000e-01	
177	6.000000e-01	1.401140e-05	9.000000e-01	
178	7.000000e-01	1.413292e-05	9.000000e-01	
179	8.000000e-01	1.424241e-05	9.000000e-01	
180	9.000000e-01	1.434498e-05	9.000000e-01	
181	1.000000e-00	1.444323e-05	9.000000e-01	
182	1.100000e+00	1.453863e-05	9.000000e-01	
183	1.200000e+00	1.463207e-05	9.000000e-01	
184	1.300000e+00	1.472413e-05	9.000000e-01	
185	1.400000e+00	1.481519e-05	9.000000e-01	
186	1.500000e+00	1.490554e-05	9.000000e-01	
187	1.600000e+00	1.499536e-05	9.000000e-01	
188	1.700000e+00	1.508480e-05	9.000000e-01	
189	1.800000e+00	1.517397e-05	9.000000e-01	
190	0.000000e+00	8.000297e-13	1.000000e-00	
191	1.000000e-01	1.027943e-05	1.000000e-00	
192	2.000000e-01	1.691763e-05	1.000000e-00	
193	3.000000e-01	2.032822e-05	1.000000e-00	
194	4.000000e-01	2.153675e-05	1.000000e-00	
195	5.000000e-01	2.198188e-05	1.000000e-00	
196	6.000000e-01	2.223619e-05	1.000000e-00	
197	7.000000e-01	2.242450e-05	1.000000e-00	
198	8.000000e-01	2.258252e-05	1.000000e-00	
199	9.000000e-01	2.272414e-05	1.000000e-00	
200	1.000000e-00	2.285591e-05	1.000000e-00	
201	1.100000e+00	2.298132e-05	1.000000e-00	
202	1.200000e+00	2.310242e-05	1.000000e-00	
203	1.300000e+00	2.322048e-05	1.000000e-00	
204	1.400000e+00	2.333633e-05	1.000000e-00	
205	1.500000e+00	2.345054e-05	1.000000e-00	
206	1.600000e+00	2.356353e-05	1.000000e-00	
207	1.700000e+00	2.367557e-05	1.000000e-00	
208	1.800000e+00	2.378689e-05	1.000000e-00	
209	0.000000e+00	8.000297e-13	1.100000e+00	
210	1.000000e-01	1.282026e-05	1.100000e+00	
211	2.000000e-01	2.188987e-05	1.100000e+00	
212	3.000000e-01	2.752714e-05	1.100000e+00	
213	4.000000e-01	3.025487e-05	1.100000e+00	
214	5.000000e-01	3.128154e-05	1.100000e+00	
215	6.000000e-01	3.175065e-05	1.100000e+00	
216	7.000000e-01	3.204786e-05	1.100000e+00	
217	8.000000e-01	3.227511e-05	1.100000e+00	
218	9.000000e-01	3.246737e-05	1.100000e+00	
219	1.000000e-00	3.263966e-05	1.100000e+00	
220	1.100000e+00	3.279952e-05	1.100000e+00	
221	1.200000e+00	3.295115e-05	1.100000e+00	
222	1.300000e+00	3.309706e-05	1.100000e+00	
223	1.400000e+00	3.323886e-05	1.100000e+00	
224	1.500000e+00	3.337763e-05	1.100000e+00	
225	1.600000e+00	3.351410e-05	1.100000e+00	
226	1.700000e+00	3.364880e-05	1.100000e+00	
227	1.800000e+00	3.378214e-05	1.100000e+00	
228	0.000000e+00	8.000297e-13	1.200000e+00	
229	1.000000e-01	1.521321e-05	1.200000e+00	
230	2.000000e-01	2.661761e-05	1.200000e+00	
231	3.000000e-01	3.450076e-05	1.200000e+00	
232	4.000000e-01	3.919416e-05	1.200000e+00	
233	5.000000e-01	4.137789e-05	1.200000e+00	
234	6.000000e-01	4.229400e-05	1.200000e+00	
235	7.000000e-01	4.278333e-05	1.200000e+00	
236	8.000000e-01	4.311658e-05	1.200000e+00	
237	9.000000e-01	4.337857e-05	1.200000e+00	
238	1.000000e-00	4.360241e-05	1.200000e+00	
239	1.100000e+00	4.380354e-05	1.200000e+00	
240	1.200000e+00	4.399008e-05	1.200000e+00	
241	1.300000e+00	4.416672e-05	1.200000e+00	
242	1.400000e+00	4.433637e-05	1.200000e+00	
243	1.500000e+00	4.450090e-05	1.200000e+00	
244	1.600000e+00	4.466159e-05	1.200000e+00	
245	1.700000e+00	4.481934e-05	1.200000e+00	
246	1.800000e+00	4.497480e-05	1.200000e+00	
247	0.000000e+00	8.000297e-13	1.300000e+00	
248	1.000000e-01	1.744812e-05	1.300000e+00	
249	2.000000e-01	3.106596e-05	1.300000e+00	
250	3.000000e-01	4.112494e-05	1.300000e+00	
251	4.000000e-01	4.789504e-05	1.300000e+00	
252	5.000000e-01	5.175248e-05	1.300000e+00	
253	6.000000e-01	5.353912e-05	1.300000e+00	
254	7.000000e-01	5.438640e-05	1.300000e+00	
255	8.000000e-01	5.489228e-05	1.300000e+00	
256	9.000000e-01	5.525580e-05	1.300000e+00	
257	1.000000e-00	5.554848e-05	1.300000e+00	
258	1.100000e+00	5.580111e-05	1.300000e+00	
259	1.200000e+00	5.602899e-05	1.300000e+00	
260	1.300000e+00	5.624054e-05	1.300000e+00	
261	1.400000e+00	5.644079e-05	1.300000e+00	
262	1.500000e+00	5.663290e-05	1.300000e+00	
263	1.600000e+00	5.681898e-05	1.300000e+00	
264	1.700000e+00	5.700047e-05	1.300000e+00	
265	1.800000e+00	5.717842e-05	1.300000e+00	
266	0.000000e+00	8.000297e-13	1.400000e+00	
267	1.000000e-01	1.951658e-05	1.400000e+00	
268	2.000000e-01	3.521064e-05	1.400000e+00	
269	3.000000e-01	4.734062e-05	1.400000e+00	
270	4.000000e-01	5.615104e-05	1.400000e+00	
271	5.000000e-01	6.190609e-05	1.400000e+00	
272	6.000000e-01	6.506318e-05	1.400000e+00	
273	7.000000e-01	6.657285e-05	1.400000e+00	
274	8.000000e-01	6.737444e-05	1.400000e+00	
275	9.000000e-01	6.789368e-05	1.400000e+00	
276	1.000000e-00	6.828269e-05	1.400000e+00	
277	1.100000e+00	6.860235e-05	1.400000e+00	
278	1.200000e+00	6.888101e-05	1.400000e+00	
279	1.300000e+00	6.913349e-05	1.400000e+00	
280	1.400000e+00	6.936829e-05	1.400000e+00	
281	1.500000e+00	6.959062e-05	1.400000e+00	
282	1.600000e+00	6.980384e-05	1.400000e+00	
283	1.700000e+00	7.001021e-05	1.400000e+00	
284	1.800000e+00	7.021132e-05	1.400000e+00	
285	0.000000e+00	8.000297e-13	1.500000e+00	
286	1.000000e-01	2.141353e-05	1.500000e+00	
287	2.000000e-01	3.903650e-05	1.500000e+00	
288	3.000000e-01	5.311471e-05	1.500000e+00	
289	4.000000e-01	6.387695e-05	1.500000e+00	
290	5.000000e-01	7.154642e-05	1.500000e+00	
291	6.000000e-01	7.639815e-05	1.500000e+00	
292	7.000000e-01	7.899806e-05	1.500000e+00	
293	8.000000e-01	8.031598e-05	1.500000e+00	
294	9.000000e-01	8.108528e-05	1.500000e+00	
295	1.000000e-00	8.161533e-05	1.500000e+00	
296	1.100000e+00	8.202591e-05	1.500000e+00	
297	1.200000e+00	8.236929e-05	1.500000e+00	
298	1.300000e+00	8.267139e-05	1.500000e+00	
299	1.400000e+00	8.294638e-05	1.500000e+00	
300	1.500000e+00	8.320268e-05	1.500000e+00	
301	1.600000e+00	8.344556e-05	1.500000e+00	
302	1.700000e+00	8.367851e-05	1.500000e+00	
303	1.800000e+00	8.390390e-05	1.500000e+00	
304	0.000000e+00	8.000297e-13	1.600000e+00	
305	1.000000e-01	2.313744e-05	1.600000e+00	
306	2.000000e-01	4.253649e-05	1.600000e+00	
307	3.000000e-01	5.843004e-05	1.600000e+00	
308	4.000000e-01	7.103377e-05	1.600000e+00	
309	5.000000e-01	8.055095e-05	1.600000e+00	
310	6.000000e-01	8.718979e-05	1.600000e+00	
311	7.000000e-01	9.125862e-05	1.600000e+00	
312	8.000000e-01	9.343353e-05	1.600000e+00	
313	9.000000e-01	9.461645e-05	1.600000e+00	
314	1.000000e-00	9.536188e-05	1.600000e+00	
315	1.100000e+00	9.590083e-05	1.600000e+00	
316	1.200000e+00	9.632982e-05	1.600000e+00	
317	1.300000e+00	9.669410e-05	1.600000e+00	
318	1.400000e+00	9.701730e-05	1.600000e+00	
319	1.500000e+00	9.731285e-05	1.600000e+00	
320	1.600000e+00	9.758897e-05	1.600000e+00	
321	1.700000e+00	9.785092e-05	1.600000e+00	
322	1.800000e+00	9.810225e-05	1.600000e+00	
323	0.000000e+00	8.000297e-13	1.700000e+00	
324	1.000000e-01	2.468987e-05	1.700000e+00	
325	2.000000e-01	4.571038e-05	1.700000e+00	
326	3.000000e-01	6.328109e-05	1.700000e+00	
327	4.000000e-01	7.760532e-05	1.700000e+00	
328	5.000000e-01	8.887257e-05	1.700000e+00	
329	6.000000e-01	9.726423e-05	1.700000e+00	
330	7.000000e-01	1.029815e-04	1.700000e+00	
331	8.000000e-01	1.063926e-04	1.700000e+00	
332	9.000000e-01	1.082519e-04	1.700000e+00	
333	1.000000e-00	1.093373e-04	1.700000e+00	
334	1.100000e+00	1.100647e-04	1.700000e+00	
335	1.200000e+00	1.106111e-04	1.700000e+00	
336	1.300000e+00	1.110560e-04	1.700000e+00	
337	1.400000e+00	1.114388e-04	1.700000e+00	
338	1.500000e+00	1.117810e-04	1.700000e+00	
339	1.600000e+00	1.120953e-04	1.700000e+00	
340	1.700000e+00	1.123897e-04	1.700000e+00	
341	1.800000e+00	1.126693e-04	1.700000e+00	
342	0.000000e+00	8.000297e-13	1.800000e+00	
343	1.000000e-01	2.607498e-05	1.800000e+00	
344	2.000000e-01	4.856345e-05	1.800000e+00	
345	3.000000e-01	6.767143e-05	1.800000e+00	
346	4.000000e-01	8.358999e-05	1.800000e+00	
347	5.000000e-01	9.649685e-05	1.800000e+00	
348	6.000000e-01	1.065585e-04	1.800000e+00	
349	7.000000e-01	1.139376e-04	1.800000e+00	
350	8.000000e-01	1.188407e-04	1.800000e+00	
351	9.000000e-01	1.217176e-04	1.800000e+00	
352	1.000000e-00	1.233449e-04	1.800000e+00	
353	1.100000e+00	1.243581e-04	1.800000e+00	
354	1.200000e+00	1.250715e-04	1.800000e+00	
355	1.300000e+00	1.256244e-04	1.800000e+00	
356	1.400000e+00	1.260832e-04	1.800000e+00	
357	1.500000e+00	1.264825e-04	1.800000e+00	
358	1.600000e+00	1.268419e-04	1.800000e+00	
359	1.700000e+00	1.271734e-04	1.800000e+00	
360	1.800000e+00	1.274846e-04	1.800000e+00