19	19
0	0.000000e+00	2.800030e-12	0.000000e+00	
1	1.000000e-01	2.900114e-12	0.000000e+00	
2	2.000000e-01	3.200051e-12	0.000000e+00	
3	3.000000e-01	3.400044e-12	0.000000e+00	
4	4.000000e-01	3.600051e-12	0.000000e+00	
5	5.000000e-01	3.800057e-12	0.000000e+00	
6	6.000000e-01	4.000050e-12	0.000000e+00	
7	7.000000e-01	4.200043e-12	0.000000e+00	
8	8.000000e-01	4.400050e-12	0.000000e+00	
9	9.000000e-01	4.600043e-12	0.000000e+00	
10	1.000000e-00	4.800049e-12	0.000000e+00	
11	1.100000e+00	5.000056e-12	0.000000e+00	
12	1.200000e+00	5.200035e-12	0.000000e+00	
13	1.300000e+00	5.400042e-12	0.000000e+00	
14	1.400000e+00	5.600048e-12	0.000000e+00	
15	1.500000e+00	5.800055e-12	0.000000e+00	
16	1.600000e+00	6.000034e-12	0.000000e+00	
17	1.700000e+00	6.199985e-12	0.000000e+00	
18	1.800000e+00	6.400047e-12	0.000000e+00	
19	0.000000e+00	2.800030e-12	1.000000e-01	
20	1.000000e-01	2.901804e-12	1.000000e-01	
21	2.000000e-01	3.200523e-12	1.000000e-01	
22	3.000000e-01	3.400551e-12	1.000000e-01	
23	4.000000e-01	3.600571e-12	1.000000e-01	
24	5.000000e-01	3.800585e-12	1.000000e-01	
25	6.000000e-01	4.000619e-12	1.000000e-01	
26	7.000000e-01	4.200640e-12	1.000000e-01	
27	8.000000e-01	4.400633e-12	1.000000e-01	
28	9.000000e-01	4.600681e-12	1.000000e-01	
29	1.000000e-00	4.800688e-12	1.000000e-01	
30	1.100000e+00	5.000722e-12	1.000000e-01	
31	1.200000e+00	5.200756e-12	1.000000e-01	
32	1.300000e+00	5.400763e-12	1.000000e-01	
33	1.400000e+00	5.600798e-12	1.000000e-01	
34	1.500000e+00	5.800749e-12	1.000000e-01	
35	1.600000e+00	6.000811e-12	1.000000e-01	
36	1.700000e+00	6.200873e-12	1.000000e-01	
37	1.800000e+00	6.400935e-12	1.000000e-01	
38	0.000000e+00	2.800030e-12	2.000000e-01	
39	1.000000e-01	2.937251e-12	2.000000e-01	
40	2.000000e-01	3.210515e-12	2.000000e-01	
41	3.000000e-01	3.410924e-12	2.000000e-01	
42	4.000000e-01	3.611327e-12	2.000000e-01	
43	5.000000e-01	3.811715e-12	2.000000e-01	
44	6.000000e-01	4.012124e-12	2.000000e-01	
45	7.000000e-01	4.212547e-12	2.000000e-01	
46	8.000000e-01	4.412970e-12	2.000000e-01	
47	9.000000e-01	4.613393e-12	2.000000e-01	
48	1.000000e-00	4.813872e-12	2.000000e-01	
49	1.100000e+00	5.014350e-12	2.000000e-01	
50	1.200000e+00	5.214801e-12	2.000000e-01	
51	1.300000e+00	5.415279e-12	2.000000e-01	
52	1.400000e+00	5.615841e-12	2.000000e-01	
53	1.500000e+00	5.816347e-12	2.000000e-01	
54	1.600000e+00	6.016909e-12	2.000000e-01	
55	1.700000e+00	6.217471e-12	2.000000e-01	
56	1.800000e+00	6.418088e-12	2.000000e-01	
57	0.000000e+00	2.800030e-12	3.000000e-01	
58	1.000000e-01	3.680032e-12	3.000000e-01	
59	2.000000e-01	3.419726e-12	3.000000e-01	
60	3.000000e-01	3.628355e-12	3.000000e-01	
61	4.000000e-01	3.836681e-12	3.000000e-01	
62	5.000000e-01	4.045042e-12	3.000000e-01	
63	6.000000e-01	4.253584e-12	3.000000e-01	
64	7.000000e-01	4.462319e-12	3.000000e-01	
65	8.000000e-01	4.671319e-12	3.000000e-01	
66	9.000000e-01	4.880540e-12	3.000000e-01	
67	1.000000e-00	5.090067e-12	3.000000e-01	
68	1.100000e+00	5.299872e-12	3.000000e-01	
69	1.200000e+00	5.509954e-12	3.000000e-01	
70	1.300000e+00	5.720341e-12	3.000000e-01	
71	1.400000e+00	5.931061e-12	3.000000e-01	
72	1.500000e+00	6.142087e-12	3.000000e-01	
73	1.600000e+00	6.353501e-12	3.000000e-01	
74	1.700000e+00	6.565193e-12	3.000000e-01	
75	1.800000e+00	6.777301e-12	3.000000e-01	
76	0.000000e+00	2.800030e-12	4.000000e-01	
77	1.000000e-01	7.344228e-12	4.000000e-01	
78	2.000000e-01	7.789748e-12	4.000000e-01	
79	3.000000e-01	8.169854e-12	4.000000e-01	
80	4.000000e-01	8.543465e-12	4.000000e-01	
81	5.000000e-01	8.918144e-12	4.000000e-01	
82	6.000000e-01	9.296189e-12	4.000000e-01	
83	7.000000e-01	9.678591e-12	4.000000e-01	
84	8.000000e-01	1.006589e-11	4.000000e-01	
85	9.000000e-01	1.045858e-11	4.000000e-01	
86	1.000000e-00	1.085684e-11	4.000000e-01	
87	1.100000e+00	1.126102e-11	4.000000e-01	
88	1.200000e+00	1.167133e-11	4.000000e-01	
89	1.300000e+00	1.208800e-11	4.000000e-01	
90	1.400000e+00	1.251124e-11	4.000000e-01	
91	1.500000e+00	1.294129e-11	4.000000e-01	
92	1.600000e+00	1.337824e-11	4.000000e-01	
93	1.700000e+00	1.382255e-11	4.000000e-01	
94	1.800000e+00	1.427425e-11	4.000000e-01	
95	0.000000e+00	2.800030e-12	5.000000e-01	
96	1.000000e-01	9.251944e-11	5.000000e-01	
97	2.000000e-01	9.775940e-11	5.000000e-01	
98	3.000000e-01	1.016491e-10	5.000000e-01	
99	4.000000e-01	1.054033e-10	5.000000e-01	
100	5.000000e-01	1.091778e-10	5.000000e-01	
101	6.000000e-01	1.130195e-10	5.000000e-01	
102	7.000000e-01	1.169489e-10	5.000000e-01	
103	8.000000e-01	1.209780e-10	5.000000e-01	
104	9.000000e-01	1.251145e-10	5.000000e-01	
105	1.000000e-00	1.293646e-10	5.000000e-01	
106	1.100000e+00	1.337337e-10	5.000000e-01	
107	1.200000e+00	1.382264e-10	5.000000e-01	
108	1.300000e+00	1.428472e-10	5.000000e-01	
109	1.400000e+00	1.476006e-10	5.000000e-01	
110	1.500000e+00	1.524908e-10	5.000000e-01	
111	1.600000e+00	1.575221e-10	5.000000e-01	
112	1.700000e+00	1.626990e-10	5.000000e-01	
113	1.800000e+00	1.680257e-10	5.000000e-01	
114	0.000000e+00	2.800030e-12	6.000000e-01	
115	1.000000e-01	1.745013e-09	6.000000e-01	
116	2.000000e-01	1.841923e-09	6.000000e-01	
117	3.000000e-01	1.912272e-09	6.000000e-01	
118	4.000000e-01	1.979836e-09	6.000000e-01	
119	5.000000e-01	2.047652e-09	6.000000e-01	
120	6.000000e-01	2.116628e-09	6.000000e-01	
121	7.000000e-01	2.187160e-09	6.000000e-01	
122	8.000000e-01	2.259469e-09	6.000000e-01	
123	9.000000e-01	2.333703e-09	6.000000e-01	
124	1.000000e-00	2.409972e-09	6.000000e-01	
125	1.100000e+00	2.488370e-09	6.000000e-01	
126	1.200000e+00	2.568980e-09	6.000000e-01	
127	1.300000e+00	2.651879e-09	6.000000e-01	
128	1.400000e+00	2.737142e-09	6.000000e-01	
129	1.500000e+00	2.824842e-09	6.000000e-01	
130	1.600000e+00	2.915053e-09	6.000000e-01	
131	1.700000e+00	3.007847e-09	6.000000e-01	
132	1.800000e+00	3.103297e-09	6.000000e-01	
133	0.000000e+00	2.800030e-12	7.000000e-01	
134	1.000000e-01	2.838138e-08	7.000000e-01	
135	2.000000e-01	2.993186e-08	7.000000e-01	
136	3.000000e-01	3.100597e-08	7.000000e-01	
137	4.000000e-01	3.202465e-08	7.000000e-01	
138	5.000000e-01	3.304020e-08	7.000000e-01	
139	6.000000e-01	3.406795e-08	7.000000e-01	
140	7.000000e-01	3.511442e-08	7.000000e-01	
141	8.000000e-01	3.618306e-08	7.000000e-01	
142	9.000000e-01	3.727606e-08	7.000000e-01	
143	1.000000e-00	3.839496e-08	7.000000e-01	
144	1.100000e+00	3.954100e-08	7.000000e-01	
145	1.200000e+00	4.071521e-08	7.000000e-01	
146	1.300000e+00	4.191852e-08	7.000000e-01	
147	1.400000e+00	4.315180e-08	7.000000e-01	
148	1.500000e+00	4.441587e-08	7.000000e-01	
149	1.600000e+00	4.571153e-08	7.000000e-01	
150	1.700000e+00	4.703957e-08	7.000000e-01	
151	1.800000e+00	4.840078e-08	7.000000e-01	
152	0.000000e+00	2.800030e-12	8.000000e-01	
153	1.000000e-01	3.326050e-07	8.000000e-01	
154	2.000000e-01	3.544468e-07	8.000000e-01	
155	3.000000e-01	3.658366e-07	8.000000e-01	
156	4.000000e-01	3.759909e-07	8.000000e-01	
157	5.000000e-01	3.858414e-07	8.000000e-01	
158	6.000000e-01	3.956403e-07	8.000000e-01	
159	7.000000e-01	4.054879e-07	8.000000e-01	
160	8.000000e-01	4.154335e-07	8.000000e-01	
161	9.000000e-01	4.255046e-07	8.000000e-01	
162	1.000000e-00	4.357187e-07	8.000000e-01	
163	1.100000e+00	4.460872e-07	8.000000e-01	
164	1.200000e+00	4.566185e-07	8.000000e-01	
165	1.300000e+00	4.673191e-07	8.000000e-01	
166	1.400000e+00	4.781942e-07	8.000000e-01	
167	1.500000e+00	4.892479e-07	8.000000e-01	
168	1.600000e+00	5.004842e-07	8.000000e-01	
169	1.700000e+00	5.119061e-07	8.000000e-01	
170	1.800000e+00	5.235169e-07	8.000000e-01	
171	0.000000e+00	2.800030e-12	9.000000e-01	
172	1.000000e-01	1.848943e-06	9.000000e-01	
173	2.000000e-01	2.163539e-06	9.000000e-01	
174	3.000000e-01	2.233036e-06	9.000000e-01	
175	4.000000e-01	2.280045e-06	9.000000e-01	
176	5.000000e-01	2.321382e-06	9.000000e-01	
177	6.000000e-01	2.360489e-06	9.000000e-01	
178	7.000000e-01	2.398564e-06	9.000000e-01	
179	8.000000e-01	2.436147e-06	9.000000e-01	
180	9.000000e-01	2.473517e-06	9.000000e-01	
181	1.000000e-00	2.510837e-06	9.000000e-01	
182	1.100000e+00	2.548207e-06	9.000000e-01	
183	1.200000e+00	2.585693e-06	9.000000e-01	
184	1.300000e+00	2.623337e-06	9.000000e-01	
185	1.400000e+00	2.661173e-06	9.000000e-01	
186	1.500000e+00	2.699222e-06	9.000000e-01	
187	1.600000e+00	2.737502e-06	9.000000e-01	
188	1.700000e+00	2.776026e-06	9.000000e-01	
189	1.800000e+00	2.814804e-06	9.000000e-01	
190	0.000000e+00	2.800030e-12	1.000000e-00	
191	1.000000e-01	4.376292e-06	1.000000e-00	
192	2.000000e-01	6.121920e-06	1.000000e-00	
193	3.000000e-01	6.506530e-06	1.000000e-00	
194	4.000000e-01	6.647086e-06	1.000000e-00	
195	5.000000e-01	6.744281e-06	1.000000e-00	
196	6.000000e-01	6.826902e-06	1.000000e-00	
197	7.000000e-01	6.902823e-06	1.000000e-00	
198	8.000000e-01	6.975143e-06	1.000000e-00	
199	9.000000e-01	7.045351e-06	1.000000e-00	
200	1.000000e-00	7.114255e-06	1.000000e-00	
201	1.100000e+00	7.182333e-06	1.000000e-00	
202	1.200000e+00	7.249887e-06	1.000000e-00	
203	1.300000e+00	7.317117e-06	1.000000e-00	
204	1.400000e+00	7.384161e-06	1.000000e-00	
205	1.500000e+00	7.451117e-06	1.000000e-00	
206	1.600000e+00	7.518057e-06	1.000000e-00	
207	1.700000e+00	7.585034e-06	1.000000e-00	
208	1.800000e+00	7.652090e-06	1.000000e-00	
209	0.000000e+00	2.800030e-12	1.100000e+00	
210	1.000000e-01	6.988308e-06	1.100000e+00	
211	2.000000e-01	1.095986e-05	1.100000e+00	
212	3.000000e-01	1.249564e-05	1.100000e+00	
213	4.000000e-01	1.293756e-05	1.100000e+00	
214	5.000000e-01	1.314593e-05	1.100000e+00	
215	6.000000e-01	1.329364e-05	1.100000e+00	
216	7.000000e-01	1.341725e-05	1.100000e+00	
217	8.000000e-01	1.352881e-05	1.100000e+00	
218	9.000000e-01	1.363349e-05	1.100000e+00	
219	1.000000e-00	1.373392e-05	1.100000e+00	
220	1.100000e+00	1.383157e-05	1.100000e+00	
221	1.200000e+00	1.392733e-05	1.100000e+00	
222	1.300000e+00	1.402176e-05	1.100000e+00	
223	1.400000e+00	1.411526e-05	1.100000e+00	
224	1.500000e+00	1.420808e-05	1.100000e+00	
225	1.600000e+00	1.430043e-05	1.100000e+00	
226	1.700000e+00	1.439245e-05	1.100000e+00	
227	1.800000e+00	1.448424e-05	1.100000e+00	
228	0.000000e+00	2.800030e-12	1.200000e+00	
229	1.000000e-01	9.467240e-06	1.200000e+00	
230	2.000000e-01	1.575920e-05	1.200000e+00	
231	3.000000e-01	1.919655e-05	1.200000e+00	
232	4.000000e-01	2.052573e-05	1.200000e+00	
233	5.000000e-01	2.100974e-05	1.200000e+00	
234	6.000000e-01	2.127677e-05	1.200000e+00	
235	7.000000e-01	2.147193e-05	1.200000e+00	
236	8.000000e-01	2.163499e-05	1.200000e+00	
237	9.000000e-01	2.178093e-05	1.200000e+00	
238	1.000000e-00	2.191671e-05	1.200000e+00	
239	1.100000e+00	2.204599e-05	1.200000e+00	
240	1.200000e+00	2.217088e-05	1.200000e+00	
241	1.300000e+00	2.229270e-05	1.200000e+00	
242	1.400000e+00	2.241231e-05	1.200000e+00	
243	1.500000e+00	2.253029e-05	1.200000e+00	
244	1.600000e+00	2.264705e-05	1.200000e+00	
245	1.700000e+00	2.276289e-05	1.200000e+00	
246	1.800000e+00	2.287804e-05	1.200000e+00	
247	0.000000e+00	2.800030e-12	1.300000e+00	
248	1.000000e-01	1.178783e-05	1.300000e+00	
249	2.000000e-01	2.032290e-05	1.300000e+00	
250	3.000000e-01	2.586173e-05	1.300000e+00	
251	4.000000e-01	2.877460e-05	1.300000e+00	
252	5.000000e-01	2.994660e-05	1.300000e+00	
253	6.000000e-01	3.046399e-05	1.300000e+00	
254	7.000000e-01	3.078082e-05	1.300000e+00	
255	8.000000e-01	3.101926e-05	1.300000e+00	
256	9.000000e-01	3.121948e-05	1.300000e+00	
257	1.000000e-00	3.139826e-05	1.300000e+00	
258	1.100000e+00	3.156385e-05	1.300000e+00	
259	1.200000e+00	3.172078e-05	1.300000e+00	
260	1.300000e+00	3.187174e-05	1.300000e+00	
261	1.400000e+00	3.201843e-05	1.300000e+00	
262	1.500000e+00	3.216199e-05	1.300000e+00	
263	1.600000e+00	3.230320e-05	1.300000e+00	
264	1.700000e+00	3.244261e-05	1.300000e+00	
265	1.800000e+00	3.258063e-05	1.300000e+00	
266	0.000000e+00	2.800030e-12	1.400000e+00	
267	1.000000e-01	1.394361e-05	1.400000e+00	
268	2.000000e-01	2.460257e-05	1.400000e+00	
269	3.000000e-01	3.221062e-05	1.400000e+00	
270	4.000000e-01	3.701962e-05	1.400000e+00	
271	5.000000e-01	3.947763e-05	1.400000e+00	
272	6.000000e-01	4.054120e-05	1.400000e+00	
273	7.000000e-01	4.108529e-05	1.400000e+00	
274	8.000000e-01	4.144399e-05	1.400000e+00	
275	9.000000e-01	4.172110e-05	1.400000e+00	
276	1.000000e-00	4.195562e-05	1.400000e+00	
277	1.100000e+00	4.216520e-05	1.400000e+00	
278	1.200000e+00	4.235897e-05	1.400000e+00	
279	1.300000e+00	4.254211e-05	1.400000e+00	
280	1.400000e+00	4.271779e-05	1.400000e+00	
281	1.500000e+00	4.288806e-05	1.400000e+00	
282	1.600000e+00	4.305428e-05	1.400000e+00	
283	1.700000e+00	4.321743e-05	1.400000e+00	
284	1.800000e+00	4.337820e-05	1.400000e+00	
285	0.000000e+00	2.800030e-12	1.500000e+00	
286	1.000000e-01	1.593027e-05	1.500000e+00	
287	2.000000e-01	2.857587e-05	1.500000e+00	
288	3.000000e-01	3.815644e-05	1.500000e+00	
289	4.000000e-01	4.488572e-05	1.500000e+00	
290	5.000000e-01	4.902512e-05	1.500000e+00	
291	6.000000e-01	5.111662e-05	1.500000e+00	
292	7.000000e-01	5.210610e-05	1.500000e+00	
293	8.000000e-01	5.267120e-05	1.500000e+00	
294	9.000000e-01	5.306487e-05	1.500000e+00	
295	1.000000e-00	5.337608e-05	1.500000e+00	
296	1.100000e+00	5.364179e-05	1.500000e+00	
297	1.200000e+00	5.387985e-05	1.500000e+00	
298	1.300000e+00	5.409992e-05	1.500000e+00	
299	1.400000e+00	5.430764e-05	1.500000e+00	
300	1.500000e+00	5.450655e-05	1.500000e+00	
301	1.600000e+00	5.469898e-05	1.500000e+00	
302	1.700000e+00	5.488651e-05	1.500000e+00	
303	1.800000e+00	5.507027e-05	1.500000e+00	
304	0.000000e+00	2.800030e-12	1.600000e+00	
305	1.000000e-01	1.774627e-05	1.600000e+00	
306	2.000000e-01	3.223219e-05	1.600000e+00	
307	3.000000e-01	4.366521e-05	1.600000e+00	
308	4.000000e-01	5.224074e-05	1.600000e+00	
309	5.000000e-01	5.815871e-05	1.600000e+00	
310	6.000000e-01	6.170731e-05	1.600000e+00	
311	7.000000e-01	6.351653e-05	1.600000e+00	
312	8.000000e-01	6.445356e-05	1.600000e+00	
313	9.000000e-01	6.503498e-05	1.600000e+00	
314	1.000000e-00	6.545783e-05	1.600000e+00	
315	1.100000e+00	6.579888e-05	1.600000e+00	
316	1.200000e+00	6.609268e-05	1.600000e+00	
317	1.300000e+00	6.635684e-05	1.600000e+00	
318	1.400000e+00	6.660124e-05	1.600000e+00	
319	1.500000e+00	6.683184e-05	1.600000e+00	
320	1.600000e+00	6.705244e-05	1.600000e+00	
321	1.700000e+00	6.726559e-05	1.600000e+00	
322	1.800000e+00	6.747305e-05	1.600000e+00	
323	0.000000e+00	2.800030e-12	1.700000e+00	
324	1.000000e-01	1.939311e-05	1.700000e+00	
325	2.000000e-01	3.556946e-05	1.700000e+00	
326	3.000000e-01	4.872459e-05	1.700000e+00	
327	4.000000e-01	5.904086e-05	1.700000e+00	
328	5.000000e-01	6.669355e-05	1.700000e+00	
329	6.000000e-01	7.187605e-05	1.700000e+00	
330	7.000000e-01	7.492079e-05	1.700000e+00	
331	8.000000e-01	7.651736e-05	1.700000e+00	
332	9.000000e-01	7.741549e-05	1.700000e+00	
333	1.000000e-00	7.800954e-05	1.700000e+00	
334	1.100000e+00	7.845679e-05	1.700000e+00	
335	1.200000e+00	7.882391e-05	1.700000e+00	
336	1.300000e+00	7.914290e-05	1.700000e+00	
337	1.400000e+00	7.943084e-05	1.700000e+00	
338	1.500000e+00	7.969763e-05	1.700000e+00	
339	1.600000e+00	7.994942e-05	1.700000e+00	
340	1.700000e+00	8.019018e-05	1.700000e+00	
341	1.800000e+00	8.042262e-05	1.700000e+00	
342	0.000000e+00	2.800030e-12	1.800000e+00	
343	1.000000e-01	2.087493e-05	1.800000e+00	
344	2.000000e-01	3.859205e-05	1.800000e+00	
345	3.000000e-01	5.333499e-05	1.800000e+00	
346	4.000000e-01	6.527459e-05	1.800000e+00	
347	5.000000e-01	7.457175e-05	1.800000e+00	
348	6.000000e-01	8.138552e-05	1.800000e+00	
349	7.000000e-01	8.591156e-05	1.800000e+00	
350	8.000000e-01	8.853940e-05	1.800000e+00	
351	9.000000e-01	8.997636e-05	1.800000e+00	
352	1.000000e-00	9.084453e-05	1.800000e+00	
353	1.100000e+00	9.144843e-05	1.800000e+00	
354	1.200000e+00	9.191622e-05	1.800000e+00	
355	1.300000e+00	9.230613e-05	1.800000e+00	
356	1.400000e+00	9.264767e-05	1.800000e+00	
357	1.500000e+00	9.295722e-05	1.800000e+00	
358	1.600000e+00	9.324457e-05	1.800000e+00	
359	1.700000e+00	9.351591e-05	1.800000e+00	
360	1.800000e+00	9.377536e-05	1.800000e+00