19	19
0	0.000000e+00	3.600030e-12	0.000000e+00	
1	1.000000e-01	3.700033e-12	0.000000e+00	
2	2.000000e-01	4.000033e-12	0.000000e+00	
3	3.000000e-01	4.200022e-12	0.000000e+00	
4	4.000000e-01	4.400029e-12	0.000000e+00	
5	5.000000e-01	4.600029e-12	0.000000e+00	
6	6.000000e-01	4.800035e-12	0.000000e+00	
7	7.000000e-01	5.000028e-12	0.000000e+00	
8	8.000000e-01	5.200035e-12	0.000000e+00	
9	9.000000e-01	5.400042e-12	0.000000e+00	
10	1.000000e-00	5.600048e-12	0.000000e+00	
11	1.100000e+00	5.800055e-12	0.000000e+00	
12	1.200000e+00	6.000062e-12	0.000000e+00	
13	1.300000e+00	6.200040e-12	0.000000e+00	
14	1.400000e+00	6.400019e-12	0.000000e+00	
15	1.500000e+00	6.600026e-12	0.000000e+00	
16	1.600000e+00	6.800033e-12	0.000000e+00	
17	1.700000e+00	7.000067e-12	0.000000e+00	
18	1.800000e+00	7.200018e-12	0.000000e+00	
19	0.000000e+00	3.600030e-12	1.000000e-01	
20	1.000000e-01	3.700162e-12	1.000000e-01	
21	2.000000e-01	4.000068e-12	1.000000e-01	
22	3.000000e-01	4.200078e-12	1.000000e-01	
23	4.000000e-01	4.400078e-12	1.000000e-01	
24	5.000000e-01	4.600084e-12	1.000000e-01	
25	6.000000e-01	4.800091e-12	1.000000e-01	
26	7.000000e-01	5.000098e-12	1.000000e-01	
27	8.000000e-01	5.200090e-12	1.000000e-01	
28	9.000000e-01	5.400097e-12	1.000000e-01	
29	1.000000e-00	5.600104e-12	1.000000e-01	
30	1.100000e+00	5.800110e-12	1.000000e-01	
31	1.200000e+00	6.000117e-12	1.000000e-01	
32	1.300000e+00	6.200096e-12	1.000000e-01	
33	1.400000e+00	6.400103e-12	1.000000e-01	
34	1.500000e+00	6.600165e-12	1.000000e-01	
35	1.600000e+00	6.800144e-12	1.000000e-01	
36	1.700000e+00	7.000123e-12	1.000000e-01	
37	1.800000e+00	7.200129e-12	1.000000e-01	
38	0.000000e+00	3.600030e-12	2.000000e-01	
39	1.000000e-01	3.702984e-12	2.000000e-01	
40	2.000000e-01	4.000879e-12	2.000000e-01	
41	3.000000e-01	4.200917e-12	2.000000e-01	
42	4.000000e-01	4.400952e-12	2.000000e-01	
43	5.000000e-01	4.600972e-12	2.000000e-01	
44	6.000000e-01	4.801007e-12	2.000000e-01	
45	7.000000e-01	5.001069e-12	2.000000e-01	
46	8.000000e-01	5.201103e-12	2.000000e-01	
47	9.000000e-01	5.401124e-12	2.000000e-01	
48	1.000000e-00	5.601158e-12	2.000000e-01	
49	1.100000e+00	5.801193e-12	2.000000e-01	
50	1.200000e+00	6.001255e-12	2.000000e-01	
51	1.300000e+00	6.201289e-12	2.000000e-01	
52	1.400000e+00	6.401352e-12	2.000000e-01	
53	1.500000e+00	6.601386e-12	2.000000e-01	
54	1.600000e+00	6.801393e-12	2.000000e-01	
55	1.700000e+00	7.001455e-12	2.000000e-01	
56	1.800000e+00	7.201517e-12	2.000000e-01	
57	0.000000e+00	3.600030e-12	3.000000e-01	
58	1.000000e-01	3.765266e-12	3.000000e-01	
59	2.000000e-01	4.018813e-12	3.000000e-01	
60	3.000000e-01	4.219562e-12	3.000000e-01	
61	4.000000e-01	4.420297e-12	3.000000e-01	
62	5.000000e-01	4.621026e-12	3.000000e-01	
63	6.000000e-01	4.821754e-12	3.000000e-01	
64	7.000000e-01	5.022552e-12	3.000000e-01	
65	8.000000e-01	5.223322e-12	3.000000e-01	
66	9.000000e-01	5.424133e-12	3.000000e-01	
67	1.000000e-00	5.624945e-12	3.000000e-01	
68	1.100000e+00	5.825840e-12	3.000000e-01	
69	1.200000e+00	6.026735e-12	3.000000e-01	
70	1.300000e+00	6.227630e-12	3.000000e-01	
71	1.400000e+00	6.428580e-12	3.000000e-01	
72	1.500000e+00	6.629586e-12	3.000000e-01	
73	1.600000e+00	6.830564e-12	3.000000e-01	
74	1.700000e+00	7.031542e-12	3.000000e-01	
75	1.800000e+00	7.232714e-12	3.000000e-01	
76	0.000000e+00	3.600030e-12	4.000000e-01	
77	1.000000e-01	5.138525e-12	4.000000e-01	
78	2.000000e-01	4.414195e-12	4.000000e-01	
79	3.000000e-01	4.630747e-12	4.000000e-01	
80	4.000000e-01	4.846769e-12	4.000000e-01	
81	5.000000e-01	5.062895e-12	4.000000e-01	
82	6.000000e-01	5.279346e-12	4.000000e-01	
83	7.000000e-01	5.496215e-12	4.000000e-01	
84	8.000000e-01	5.713596e-12	4.000000e-01	
85	9.000000e-01	5.931422e-12	4.000000e-01	
86	1.000000e-00	6.149803e-12	4.000000e-01	
87	1.100000e+00	6.368822e-12	4.000000e-01	
88	1.200000e+00	6.588341e-12	4.000000e-01	
89	1.300000e+00	6.808470e-12	4.000000e-01	
90	1.400000e+00	7.029266e-12	4.000000e-01	
91	1.500000e+00	7.250672e-12	4.000000e-01	
92	1.600000e+00	7.472772e-12	4.000000e-01	
93	1.700000e+00	7.695566e-12	4.000000e-01	
94	1.800000e+00	7.918999e-12	4.000000e-01	
95	0.000000e+00	3.600030e-12	5.000000e-01	
96	1.000000e-01	1.239600e-11	5.000000e-01	
97	2.000000e-01	1.309098e-11	5.000000e-01	
98	3.000000e-01	1.365407e-11	5.000000e-01	
99	4.000000e-01	1.420471e-11	5.000000e-01	
100	5.000000e-01	1.475799e-11	5.000000e-01	
101	6.000000e-01	1.531840e-11	5.000000e-01	
102	7.000000e-01	1.588797e-11	5.000000e-01	
103	8.000000e-01	1.646783e-11	5.000000e-01	
104	9.000000e-01	1.705874e-11	5.000000e-01	
105	1.000000e-00	1.766143e-11	5.000000e-01	
106	1.100000e+00	1.827638e-11	5.000000e-01	
107	1.200000e+00	1.890396e-11	5.000000e-01	
108	1.300000e+00	1.954484e-11	5.000000e-01	
109	1.400000e+00	2.019931e-11	5.000000e-01	
110	1.500000e+00	2.086797e-11	5.000000e-01	
111	1.600000e+00	2.155121e-11	5.000000e-01	
112	1.700000e+00	2.224942e-11	5.000000e-01	
113	1.800000e+00	2.296324e-11	5.000000e-01	
114	0.000000e+00	3.600030e-12	6.000000e-01	
115	1.000000e-01	1.887100e-10	6.000000e-01	
116	2.000000e-01	1.994989e-10	6.000000e-01	
117	3.000000e-01	2.074431e-10	6.000000e-01	
118	4.000000e-01	2.151141e-10	6.000000e-01	
119	5.000000e-01	2.228359e-10	6.000000e-01	
120	6.000000e-01	2.307053e-10	6.000000e-01	
121	7.000000e-01	2.387652e-10	6.000000e-01	
122	8.000000e-01	2.470399e-10	6.000000e-01	
123	9.000000e-01	2.555461e-10	6.000000e-01	
124	1.000000e-00	2.642967e-10	6.000000e-01	
125	1.100000e+00	2.733029e-10	6.000000e-01	
126	1.200000e+00	2.825750e-10	6.000000e-01	
127	1.300000e+00	2.921224e-10	6.000000e-01	
128	1.400000e+00	3.019547e-10	6.000000e-01	
129	1.500000e+00	3.120810e-10	6.000000e-01	
130	1.600000e+00	3.225110e-10	6.000000e-01	
131	1.700000e+00	3.332539e-10	6.000000e-01	
132	1.800000e+00	3.443192e-10	6.000000e-01	
133	0.000000e+00	3.600030e-12	7.000000e-01	
134	1.000000e-01	3.664936e-09	7.000000e-01	
135	2.000000e-01	3.870950e-09	7.000000e-01	
136	3.000000e-01	4.019550e-09	7.000000e-01	
137	4.000000e-01	4.162260e-09	7.000000e-01	
138	5.000000e-01	4.305535e-09	7.000000e-01	
139	6.000000e-01	4.451285e-09	7.000000e-01	
140	7.000000e-01	4.600341e-09	7.000000e-01	
141	8.000000e-01	4.753165e-09	7.000000e-01	
142	9.000000e-01	4.910063e-09	7.000000e-01	
143	1.000000e-00	5.071267e-09	7.000000e-01	
144	1.100000e+00	5.236971e-09	7.000000e-01	
145	1.200000e+00	5.407348e-09	7.000000e-01	
146	1.300000e+00	5.582560e-09	7.000000e-01	
147	1.400000e+00	5.762762e-09	7.000000e-01	
148	1.500000e+00	5.948105e-09	7.000000e-01	
149	1.600000e+00	6.138743e-09	7.000000e-01	
150	1.700000e+00	6.334826e-09	7.000000e-01	
151	1.800000e+00	6.536506e-09	7.000000e-01	
152	0.000000e+00	3.600030e-12	8.000000e-01	
153	1.000000e-01	5.761504e-08	8.000000e-01	
154	2.000000e-01	6.085793e-08	8.000000e-01	
155	3.000000e-01	6.302357e-08	8.000000e-01	
156	4.000000e-01	6.506411e-08	8.000000e-01	
157	5.000000e-01	6.709277e-08	8.000000e-01	
158	6.000000e-01	6.914209e-08	8.000000e-01	
159	7.000000e-01	7.122569e-08	8.000000e-01	
160	8.000000e-01	7.335069e-08	8.000000e-01	
161	9.000000e-01	7.552149e-08	8.000000e-01	
162	1.000000e-00	7.774112e-08	8.000000e-01	
163	1.100000e+00	8.001196e-08	8.000000e-01	
164	1.200000e+00	8.233595e-08	8.000000e-01	
165	1.300000e+00	8.471480e-08	8.000000e-01	
166	1.400000e+00	8.715009e-08	8.000000e-01	
167	1.500000e+00	8.964329e-08	8.000000e-01	
168	1.600000e+00	9.219582e-08	8.000000e-01	
169	1.700000e+00	9.480908e-08	8.000000e-01	
170	1.800000e+00	9.748442e-08	8.000000e-01	
171	0.000000e+00	3.600030e-12	9.000000e-01	
172	1.000000e-01	5.921119e-07	9.000000e-01	
173	2.000000e-01	6.400350e-07	9.000000e-01	
174	3.000000e-01	6.601322e-07	9.000000e-01	
175	4.000000e-01	6.772693e-07	9.000000e-01	
176	5.000000e-01	6.936198e-07	9.000000e-01	
177	6.000000e-01	7.097358e-07	9.000000e-01	
178	7.000000e-01	7.258298e-07	9.000000e-01	
179	8.000000e-01	7.420034e-07	9.000000e-01	
180	9.000000e-01	7.583122e-07	9.000000e-01	
181	1.000000e-00	7.747896e-07	9.000000e-01	
182	1.100000e+00	7.914575e-07	9.000000e-01	
183	1.200000e+00	8.083306e-07	9.000000e-01	
184	1.300000e+00	8.254199e-07	9.000000e-01	
185	1.400000e+00	8.427336e-07	9.000000e-01	
186	1.500000e+00	8.602781e-07	9.000000e-01	
187	1.600000e+00	8.780586e-07	9.000000e-01	
188	1.700000e+00	8.960796e-07	9.000000e-01	
189	1.800000e+00	9.143448e-07	9.000000e-01	
190	0.000000e+00	3.600030e-12	1.000000e-00	
191	1.000000e-01	2.486447e-06	1.000000e-00	
192	2.000000e-01	3.084223e-06	1.000000e-00	
193	3.000000e-01	3.198737e-06	1.000000e-00	
194	4.000000e-01	3.264465e-06	1.000000e-00	
195	5.000000e-01	3.319308e-06	1.000000e-00	
196	6.000000e-01	3.369989e-06	1.000000e-00	
197	7.000000e-01	3.418696e-06	1.000000e-00	
198	8.000000e-01	3.466378e-06	1.000000e-00	
199	9.000000e-01	3.513518e-06	1.000000e-00	
200	1.000000e-00	3.560387e-06	1.000000e-00	
201	1.100000e+00	3.607154e-06	1.000000e-00	
202	1.200000e+00	3.653925e-06	1.000000e-00	
203	1.300000e+00	3.700774e-06	1.000000e-00	
204	1.400000e+00	3.747751e-06	1.000000e-00	
205	1.500000e+00	3.794894e-06	1.000000e-00	
206	1.600000e+00	3.842229e-06	1.000000e-00	
207	1.700000e+00	3.889777e-06	1.000000e-00	
208	1.800000e+00	3.937554e-06	1.000000e-00	
209	0.000000e+00	3.600030e-12	1.100000e+00	
210	1.000000e-01	5.030552e-06	1.100000e+00	
211	2.000000e-01	7.385186e-06	1.100000e+00	
212	3.000000e-01	8.018684e-06	1.100000e+00	
213	4.000000e-01	8.216025e-06	1.100000e+00	
214	5.000000e-01	8.338136e-06	1.100000e+00	
215	6.000000e-01	8.437207e-06	1.100000e+00	
216	7.000000e-01	8.526130e-06	1.100000e+00	
217	8.000000e-01	8.609703e-06	1.100000e+00	
218	9.000000e-01	8.690150e-06	1.100000e+00	
219	1.000000e-00	8.768653e-06	1.100000e+00	
220	1.100000e+00	8.845900e-06	1.100000e+00	
221	1.200000e+00	8.922322e-06	1.100000e+00	
222	1.300000e+00	8.998198e-06	1.100000e+00	
223	1.400000e+00	9.073723e-06	1.100000e+00	
224	1.500000e+00	9.149031e-06	1.100000e+00	
225	1.600000e+00	9.224223e-06	1.100000e+00	
226	1.700000e+00	9.299371e-06	1.100000e+00	
227	1.800000e+00	9.374533e-06	1.100000e+00	
228	0.000000e+00	3.600030e-12	1.200000e+00	
229	1.000000e-01	7.537789e-06	1.200000e+00	
230	2.000000e-01	1.213660e-05	1.200000e+00	
231	3.000000e-01	1.421484e-05	1.200000e+00	
232	4.000000e-01	1.486276e-05	1.200000e+00	
233	5.000000e-01	1.513254e-05	1.200000e+00	
234	6.000000e-01	1.530964e-05	1.200000e+00	
235	7.000000e-01	1.545232e-05	1.200000e+00	
236	8.000000e-01	1.557840e-05	1.200000e+00	
237	9.000000e-01	1.569523e-05	1.200000e+00	
238	1.000000e-00	1.580640e-05	1.200000e+00	
239	1.100000e+00	1.591388e-05	1.200000e+00	
240	1.200000e+00	1.601888e-05	1.200000e+00	
241	1.300000e+00	1.612212e-05	1.200000e+00	
242	1.400000e+00	1.622412e-05	1.200000e+00	
243	1.500000e+00	1.632521e-05	1.200000e+00	
244	1.600000e+00	1.642565e-05	1.200000e+00	
245	1.700000e+00	1.652562e-05	1.200000e+00	
246	1.800000e+00	1.662524e-05	1.200000e+00	
247	0.000000e+00	3.600030e-12	1.300000e+00	
248	1.000000e-01	9.893490e-06	1.300000e+00	
249	2.000000e-01	1.673318e-05	1.300000e+00	
250	3.000000e-01	2.078754e-05	1.300000e+00	
251	4.000000e-01	2.258245e-05	1.300000e+00	
252	5.000000e-01	2.323897e-05	1.300000e+00	
253	6.000000e-01	2.356881e-05	1.300000e+00	
254	7.000000e-01	2.379650e-05	1.300000e+00	
255	8.000000e-01	2.398084e-05	1.300000e+00	
256	9.000000e-01	2.414279e-05	1.300000e+00	
257	1.000000e-00	2.429169e-05	1.300000e+00	
258	1.100000e+00	2.443236e-05	1.300000e+00	
259	1.200000e+00	2.456752e-05	1.300000e+00	
260	1.300000e+00	2.469885e-05	1.300000e+00	
261	1.400000e+00	2.482743e-05	1.300000e+00	
262	1.500000e+00	2.495398e-05	1.300000e+00	
263	1.600000e+00	2.507902e-05	1.300000e+00	
264	1.700000e+00	2.520291e-05	1.300000e+00	
265	1.800000e+00	2.532592e-05	1.300000e+00	
266	0.000000e+00	3.600030e-12	1.400000e+00	
267	1.000000e-01	1.208471e-05	1.400000e+00	
268	2.000000e-01	2.106330e-05	1.400000e+00	
269	3.000000e-01	2.716517e-05	1.400000e+00	
270	4.000000e-01	3.067617e-05	1.400000e+00	
271	5.000000e-01	3.223696e-05	1.400000e+00	
272	6.000000e-01	3.290261e-05	1.400000e+00	
273	7.000000e-01	3.328197e-05	1.400000e+00	
274	8.000000e-01	3.355493e-05	1.400000e+00	
275	9.000000e-01	3.377807e-05	1.400000e+00	
276	1.000000e-00	3.397401e-05	1.400000e+00	
277	1.100000e+00	3.415351e-05	1.400000e+00	
278	1.200000e+00	3.432235e-05	1.400000e+00	
279	1.300000e+00	3.448391e-05	1.400000e+00	
280	1.400000e+00	3.464031e-05	1.400000e+00	
281	1.500000e+00	3.479293e-05	1.400000e+00	
282	1.600000e+00	3.494272e-05	1.400000e+00	
283	1.700000e+00	3.509035e-05	1.400000e+00	
284	1.800000e+00	3.523632e-05	1.400000e+00	
285	0.000000e+00	3.600030e-12	1.500000e+00	
286	1.000000e-01	1.410755e-05	1.500000e+00	
287	2.000000e-01	2.509484e-05	1.500000e+00	
288	3.000000e-01	3.317396e-05	1.500000e+00	
289	4.000000e-01	3.856141e-05	1.500000e+00	
290	5.000000e-01	4.158011e-05	1.500000e+00	
291	6.000000e-01	4.296447e-05	1.500000e+00	
292	7.000000e-01	4.363896e-05	1.500000e+00	
293	8.000000e-01	4.405897e-05	1.500000e+00	
294	9.000000e-01	4.437169e-05	1.500000e+00	
295	1.000000e-00	4.463024e-05	1.500000e+00	
296	1.100000e+00	4.485782e-05	1.500000e+00	
297	1.200000e+00	4.506606e-05	1.500000e+00	
298	1.300000e+00	4.526148e-05	1.500000e+00	
299	1.400000e+00	4.544797e-05	1.500000e+00	
300	1.500000e+00	4.562803e-05	1.500000e+00	
301	1.600000e+00	4.580331e-05	1.500000e+00	
302	1.700000e+00	4.597498e-05	1.500000e+00	
303	1.800000e+00	4.614384e-05	1.500000e+00	
304	0.000000e+00	3.600030e-12	1.600000e+00	
305	1.000000e-01	1.596050e-05	1.600000e+00	
306	2.000000e-01	2.881394e-05	1.600000e+00	
307	3.000000e-01	3.875981e-05	1.600000e+00	
308	4.000000e-01	4.598908e-05	1.600000e+00	
309	5.000000e-01	5.071378e-05	1.600000e+00	
310	6.000000e-01	5.331213e-05	1.600000e+00	
311	7.000000e-01	5.456771e-05	1.600000e+00	
312	8.000000e-01	5.524950e-05	1.600000e+00	
313	9.000000e-01	5.570276e-05	1.600000e+00	
314	1.000000e-00	5.605003e-05	1.600000e+00	
315	1.100000e+00	5.634047e-05	1.600000e+00	
316	1.200000e+00	5.659710e-05	1.600000e+00	
317	1.300000e+00	5.683204e-05	1.600000e+00	
318	1.400000e+00	5.705227e-05	1.600000e+00	
319	1.500000e+00	5.726211e-05	1.600000e+00	
320	1.600000e+00	5.746434e-05	1.600000e+00	
321	1.700000e+00	5.766087e-05	1.600000e+00	
322	1.800000e+00	5.785300e-05	1.600000e+00	
323	0.000000e+00	3.600030e-12	1.700000e+00	
324	1.000000e-01	1.764487e-05	1.700000e+00	
325	2.000000e-01	3.221682e-05	1.700000e+00	
326	3.000000e-01	4.390370e-05	1.700000e+00	
327	4.000000e-01	5.288181e-05	1.700000e+00	
328	5.000000e-01	5.932553e-05	1.700000e+00	
329	6.000000e-01	6.345275e-05	1.700000e+00	
330	7.000000e-01	6.570701e-05	1.700000e+00	
331	8.000000e-01	6.686817e-05	1.700000e+00	
332	9.000000e-01	6.755538e-05	1.700000e+00	
333	1.000000e-00	6.803584e-05	1.700000e+00	
334	1.100000e+00	6.841298e-05	1.700000e+00	
335	1.200000e+00	6.873191e-05	1.700000e+00	
336	1.300000e+00	6.901500e-05	1.700000e+00	
337	1.400000e+00	6.927454e-05	1.700000e+00	
338	1.500000e+00	6.951779e-05	1.700000e+00	
339	1.600000e+00	6.974936e-05	1.700000e+00	
340	1.700000e+00	6.997228e-05	1.700000e+00	
341	1.800000e+00	7.018862e-05	1.700000e+00	
342	0.000000e+00	3.600030e-12	1.800000e+00	
343	1.000000e-01	1.916466e-05	1.800000e+00	
344	2.000000e-01	3.530690e-05	1.800000e+00	
345	3.000000e-01	4.860313e-05	1.800000e+00	
346	4.000000e-01	5.921796e-05	1.800000e+00	
347	5.000000e-01	6.730809e-05	1.800000e+00	
348	6.000000e-01	7.303610e-05	1.800000e+00	
349	7.000000e-01	7.663737e-05	1.800000e+00	
350	8.000000e-01	7.861795e-05	1.800000e+00	
351	9.000000e-01	7.970834e-05	1.800000e+00	
352	1.000000e-00	8.039931e-05	1.800000e+00	
353	1.100000e+00	8.090212e-05	1.800000e+00	
354	1.200000e+00	8.130507e-05	1.800000e+00	
355	1.300000e+00	8.164937e-05	1.800000e+00	
356	1.400000e+00	8.195646e-05	1.800000e+00	
357	1.500000e+00	8.223855e-05	1.800000e+00	
358	1.600000e+00	8.250307e-05	1.800000e+00	
359	1.700000e+00	8.275480e-05	1.800000e+00	
360	1.800000e+00	8.299694e-05	1.800000e+00